start=2856.677033
speed=1.610510
